 	OKUL NO		Büt
1   1112705032  24
2   1612705064  
3   1612706002  27
4   1712705004  
5   1712705016  
6   1712705030  23
7   1712705032  
8   1712705034  
9   1712705036  5
10  1712705044  
11  1712705046  
12  1712705058  
13  1712705060  
14  1712705094  30
15  1712706004  40
16  1712706006  28
17  1712706010  12
18  1712706012  
19  1712706014  46
20  1812705002  
21  1812705004  
22  1812705006  
23  1812705008  12
24  1812705010  15
25  1812705014  60
26  1812705016  
27  1812705018  5
28  1812705020  0
29  1812705022  
30  1812705024  0
31  1812705028  10
32  1812705030  
33  1812705032  
34  1812705034  
35  1812705036  
36  1812705040  
37  1812705042  
38  1812705044  
39  1812705048  30
40  1812705050  
41  1812705052  
42  1812705060  5
43  1812705304  
44  1812705312  

