    OKUL NO     Büt
1   1422705062  5
2   1522705052  
3   1612705065  
4   1622705060  45
5   1622705062  23
6   1622705064  
7   1622705068  
8   1722705004  
9   1722705010  
10  1722705012  
11  1722705014  
12  1722705020  
13  1722705026  15
14  1722705040  
15  1722705048  14
16  1722705052  10
17  1722705056  
18  1722705062  
19  1722705064  
20  1722705066  
21  1722705070  
22  1722705072  10
23  1722705074  0
24  1722706002  15
25  1722706012  36
26  1822705004  
27  1822705006  
28  1822705008  
29  1822705010  0
30  1822705014  10
31  1822705016  42
32  1822705018  19
33  1822705020  
34  1822705022  
35  1822705024  
36  1822705026  41
37  1822705028  
38  1822705030  69
39  1822705032  
40  1822705034  5
41  1822705036  
42  1822705038  
43  1822705040  
44  1822705042  5
45  1822705044  
46  1822705046  
47  1822705048  0
48  1822705050  
49  1822705054  57
50  1822705056  
51  1822705058  
52  1822705060  
53  1822705302  
54  1822705304  12
55  1822706008  38
